  0.00       -5.00000   
  0.20       -1.91200     
  0.40        0.33600     
  0.60        1.84000    
  0.80        2.69600    
  1.00        3.00000   
  1.20        2.84800    
  1.40        2.33600    
  1.60        1.56000    
  1.80        0.61600    
  2.00       -0.40000 
  2.20       -1.39200  
  2.40       -2.26400     
  2.60       -2.92000  
  2.80       -3.26400  
  3.00       -3.20000  
  3.20       -2.63200   
  3.40       -1.46400  
  3.60        0.40000     
  3.80        3.05600